run_0711.csv,"[""A"", ""B"", ""C"", ""D""]","[0.192, 0.217, 0.557, 0.034]","[[0, 1, 0.082], [0, 2, 0.052], [1, 0, 0.091], [1, 2, 0.033], [1, 3, 0.017], [2, 3, 0.071], [3, 0, 0.054]]"
A->B 0.082: A->R1->B
A->C 0.052: A->R2->C
B->A 0.091: B->R3->A
B->C 0.033: B->R4->C
B->D 0.017: B->R5->D
C->D 0.071: C->R6->D
D->A 0.054: D->R7->A

let N be number of species
let R be number of reactions
For A->R1->B we call
- A: educt
- R1: reaction
- B: product

x.size() = [num_species + num_reactions, 1]
x.size(0) = num_species
x.size(1) = x.size(-1) = num_reactions

index_add explanation:
let x = torch.zeros((3, 2)) = [[0, 0, 0],
                               [0, 0, 0]]
let src = [[1, 2, 3],
           [4, 5, 6]]

then x.index_add(0, index, src) will iterate i, row in zip(index, src) and add row to the x[i] row
example: x.index_add(0, [0, 1], src) = [[1, 2, 3],
                                        [4, 5, 6]]
         x.index_add(0, [0, 0], src) = [[5, 7, 9],
                                        [0, 0, 0]]
the first argument is the dimension, dim=0 -> rows
dim=1 -> columns, example:
x.index_add(1, [0, 0, 0], src) = [[6, 0, 0],
                                  [15, 0, 0]]
x.index_add(1, [0, 1, 0], src) = [[4, 2, 0],
                                  [10, 5, 0]]

x: tensor([[0.2480],
        [0.1305],
        [0.2478],
        [0.3737],
        [0.0000],
        [0.0000],
        [0.0000],
        [0.0000],
        [0.0000],
        [0.0000],
        [0.0000]])
-> First N rows are current species counts, rest are zeros for each reaction

edge_index: tensor([[ 0,  4,  0,  5,  1,  6,  1,  7,  1,  8,  2,  9,  3, 10],
        [ 4,  1,  5,  2,  6,  0,  7,  2,  8,  3,  9,  3, 10,  0]])
-> left and right sides of all reactions [
    [educt1, R1, educt2, R2, ...],
    [R1, product1, R2, product2, ...]]

src: tensor([ 0,  4,  0,  5,  1,  6,  1,  7,  1,  8,  2,  9,  3, 10])
-> left side of full reactions:
   [A, R1, A, R2, B, R3, B, R4, ...]

reactant_edge_mask: tensor([ True, False,  True, False,  True, False,  True, False,  True, False,
         True, False,  True, False])
-> Helper to get all educts

reactant_src: tensor([0, 0, 1, 1, 1, 2, 3])
-> All educt indices for R reactions

reaction_nodes: tensor([ 4,  5,  6,  7,  8,  9, 10])
-> All reaction indices for R reactions

product_edge_mask: tensor([False,  True, False,  True, False,  True, False,  True, False,  True,
        False,  True, False,  True])
-> Helper to get all products

product_reactions: tensor([ 4,  5,  6,  7,  8,  9, 10])
-> All reaction indices for R reactions (equal to reaction_nodes)

product_nodes: tensor([1, 2, 0, 2, 3, 3, 0])
-> All product indices for R reactions

product_sources: tensor([0, 0, 1, 1, 1, 2, 3])
-> All educt indices, identical to reactant_src

dst: tensor([ 4,  1,  5,  2,  6,  0,  7,  2,  8,  3,  9,  3, 10,  0])
-> right side of full reactions:
   [R1, B, R2, C, R3, A, R4, C, ...]

reaction_p: tensor([[0.0000], <- 0 for every species
        [0.0000],
        [0.0000],
        [0.0000],
        [0.0820], <- probs for all reactions
        [0.0520],
        [0.0910],
        [0.0330],
        [0.0170],
        [0.0710],
        [0.0540]])
-> zero padded (for species) reaction probs

reaction_input: tensor([[0.2480, 0.0820],
        [0.2480, 0.0520],
        [0.1305, 0.0910],
        [0.1305, 0.0330],
        [0.1305, 0.0170],
        [0.2478, 0.0710],
        [0.3737, 0.0540]])
-> [Educt fraction, reaction prob] for R reactions

reaction_messages: tensor([[0.0000, 0.0000, 0.0005, 0.0914, 0.0771, 0.0000, 0.0000, 0.0000, 0.0000,
         0.0000, 0.0000, 0.0000, 0.0000, 0.0000, 0.0000, 0.2664, 0.0000, 0.0000,
         0.2036, 0.0000, 0.1599, 0.0000, 0.0000, 0.0000, 0.1460, 0.0877, 0.0000,
         0.2356, 0.1003, 0.0264, 0.0000, 0.0000],
        [0.0000, 0.0000, 0.0006, 0.0885, 0.0690, 0.0000, 0.0000, 0.0000, 0.0000,
         0.0000, 0.0000, 0.0000, 0.0000, 0.0000, 0.0000, 0.2695, 0.0000, 0.0000,
         0.2022, 0.0000, 0.1477, 0.0000, 0.0000, 0.0000, 0.1427, 0.0903, 0.0000,
         0.2296, 0.0964, 0.0277, 0.0000, 0.0000],
        [0.0000, 0.0000, 0.0000, 0.0956, 0.0809, 0.0000, 0.0000, 0.0000, 0.0000,
         0.0000, 0.0000, 0.0000, 0.0000, 0.0000, 0.0000, 0.2760, 0.0000, 0.0000,
         0.2055, 0.0000, 0.1695, 0.0000, 0.0000, 0.0000, 0.1378, 0.0812, 0.0000,
         0.2378, 0.1359, 0.0136, 0.0000, 0.0000],
        [0.0000, 0.0000, 0.0000, 0.0922, 0.0661, 0.0000, 0.0000, 0.0000, 0.0000,
         0.0000, 0.0000, 0.0000, 0.0000, 0.0000, 0.0000, 0.2815, 0.0000, 0.0000,
         0.2008, 0.0000, 0.1481, 0.0000, 0.0000, 0.0000, 0.1291, 0.0876, 0.0000,
         0.2286, 0.1283, 0.0175, 0.0000, 0.0000],
        [0.0000, 0.0000, 0.0000, 0.0913, 0.0620, 0.0000, 0.0000, 0.0000, 0.0000,
         0.0000, 0.0000, 0.0000, 0.0000, 0.0000, 0.0000, 0.2830, 0.0000, 0.0000,
         0.1995, 0.0000, 0.1422, 0.0000, 0.0000, 0.0000, 0.1267, 0.0893, 0.0000,
         0.2260, 0.1263, 0.0186, 0.0000, 0.0000],
        [0.0000, 0.0000, 0.0006, 0.0904, 0.0742, 0.0000, 0.0000, 0.0000, 0.0000,
         0.0000, 0.0000, 0.0000, 0.0000, 0.0000, 0.0000, 0.2675, 0.0000, 0.0000,
         0.2031, 0.0000, 0.1555, 0.0000, 0.0000, 0.0000, 0.1447, 0.0887, 0.0000,
         0.2335, 0.0990, 0.0269, 0.0000, 0.0000],
        [0.0000, 0.0000, 0.0000, 0.0765, 0.0642, 0.0000, 0.0000, 0.0000, 0.0000,
         0.0000, 0.0000, 0.0000, 0.0008, 0.0000, 0.0000, 0.2602, 0.0000, 0.0000,
         0.2091, 0.0000, 0.1333, 0.0000, 0.0000, 0.0000, 0.1626, 0.0905, 0.0000,
         0.2197, 0.0597, 0.0357, 0.0000, 0.0000]], grad_fn=<ReluBackward0>)
-> Message for each reaction node, 32 values computed
from current educt fraction and reaction prob

reaction_hidden: tensor([[0.0000, 0.0000, 0.0000, 0.0000, 0.0000, 0.0000, 0.0000, 0.0000, 0.0000,
         0.0000, 0.0000, 0.0000, 0.0000, 0.0000, 0.0000, 0.0000, 0.0000, 0.0000,
         0.0000, 0.0000, 0.0000, 0.0000, 0.0000, 0.0000, 0.0000, 0.0000, 0.0000,
         0.0000, 0.0000, 0.0000, 0.0000, 0.0000],
        [0.0000, 0.0000, 0.0000, 0.0000, 0.0000, 0.0000, 0.0000, 0.0000, 0.0000,
         0.0000, 0.0000, 0.0000, 0.0000, 0.0000, 0.0000, 0.0000, 0.0000, 0.0000,
         0.0000, 0.0000, 0.0000, 0.0000, 0.0000, 0.0000, 0.0000, 0.0000, 0.0000,
         0.0000, 0.0000, 0.0000, 0.0000, 0.0000],
        [0.0000, 0.0000, 0.0000, 0.0000, 0.0000, 0.0000, 0.0000, 0.0000, 0.0000,
         0.0000, 0.0000, 0.0000, 0.0000, 0.0000, 0.0000, 0.0000, 0.0000, 0.0000,
         0.0000, 0.0000, 0.0000, 0.0000, 0.0000, 0.0000, 0.0000, 0.0000, 0.0000,
         0.0000, 0.0000, 0.0000, 0.0000, 0.0000],
        [0.0000, 0.0000, 0.0000, 0.0000, 0.0000, 0.0000, 0.0000, 0.0000, 0.0000,
         0.0000, 0.0000, 0.0000, 0.0000, 0.0000, 0.0000, 0.0000, 0.0000, 0.0000,
         0.0000, 0.0000, 0.0000, 0.0000, 0.0000, 0.0000, 0.0000, 0.0000, 0.0000,
         0.0000, 0.0000, 0.0000, 0.0000, 0.0000],
        [0.0000, 0.0000, 0.0005, 0.0914, 0.0771, 0.0000, 0.0000, 0.0000, 0.0000,
         0.0000, 0.0000, 0.0000, 0.0000, 0.0000, 0.0000, 0.2664, 0.0000, 0.0000,
         0.2036, 0.0000, 0.1599, 0.0000, 0.0000, 0.0000, 0.1460, 0.0877, 0.0000,
         0.2356, 0.1003, 0.0264, 0.0000, 0.0000],
        [0.0000, 0.0000, 0.0006, 0.0885, 0.0690, 0.0000, 0.0000, 0.0000, 0.0000,
         0.0000, 0.0000, 0.0000, 0.0000, 0.0000, 0.0000, 0.2695, 0.0000, 0.0000,
         0.2022, 0.0000, 0.1477, 0.0000, 0.0000, 0.0000, 0.1427, 0.0903, 0.0000,
         0.2296, 0.0964, 0.0277, 0.0000, 0.0000],
        [0.0000, 0.0000, 0.0000, 0.0956, 0.0809, 0.0000, 0.0000, 0.0000, 0.0000,
         0.0000, 0.0000, 0.0000, 0.0000, 0.0000, 0.0000, 0.2760, 0.0000, 0.0000,
         0.2055, 0.0000, 0.1695, 0.0000, 0.0000, 0.0000, 0.1378, 0.0812, 0.0000,
         0.2378, 0.1359, 0.0136, 0.0000, 0.0000],
        [0.0000, 0.0000, 0.0000, 0.0922, 0.0661, 0.0000, 0.0000, 0.0000, 0.0000,
         0.0000, 0.0000, 0.0000, 0.0000, 0.0000, 0.0000, 0.2815, 0.0000, 0.0000,
         0.2008, 0.0000, 0.1481, 0.0000, 0.0000, 0.0000, 0.1291, 0.0876, 0.0000,
         0.2286, 0.1283, 0.0175, 0.0000, 0.0000],
        [0.000, 0.0000, 0.0000, 0.0913, 0.0620, 0.0000, 0.0000, 0.0000, 0.0000,
         0.0000, 0.0000, 0.0000, 0.0000, 0.0000, 0.0000, 0.2830, 0.0000, 0.0000,
         0.1995, 0.0000, 0.1422, 0.0000, 0.0000, 0.0000, 0.1267, 0.0893, 0.0000,
         0.2260, 0.1263, 0.0186, 0.0000, 0.0000],
        [0.0000, 0.0000, 0.0006, 0.0904, 0.0742, 0.0000, 0.0000, 0.0000, 0.0000,
         0.0000, 0.0000, 0.0000, 0.0000, 0.0000, 0.0000, 0.2675, 0.0000, 0.0000,
         0.2031, 0.0000, 0.1555, 0.0000, 0.0000, 0.0000, 0.1447, 0.0887, 0.0000,
         0.2335, 0.0990, 0.0269, 0.0000, 0.0000],
        [0.0000, 0.0000, 0.0000, 0.0765, 0.0642, 0.0000, 0.0000, 0.0000, 0.0000,
         0.0000, 0.0000, 0.0000, 0.0008, 0.0000, 0.0000, 0.2602, 0.0000, 0.0000,
         0.2091, 0.0000, 0.1333, 0.0000, 0.0000, 0.0000, 0.1626, 0.0905, 0.0000,
         0.2197, 0.0597, 0.0357, 0.0000, 0.0000]], grad_fn=<IndexAddBackward0>)
-> reaction_messages with zero padded rows for each
species at the top

reactant_amount: tensor([[0.0000],
        [0.0000],
        [0.0000],
        [0.0000],
        [0.2480],
        [0.2480],
        [0.1305],
        [0.1305],
        [0.1305],
        [0.2478],
        [0.3737]])
-> current fraction for each reaction educt

reaction_source: tensor([-1, -1, -1, -1,  0,  0,  1,  1,  1,  2,  3])

product_input: tensor([[0.0000, 0.0000, 0.0005, 0.0914, 0.0771, 0.0000, 0.0000, 0.0000, 0.0000,
         0.0000, 0.0000, 0.0000, 0.0000, 0.0000, 0.0000, 0.2664, 0.0000, 0.0000,
         0.2036, 0.0000, 0.1599, 0.0000, 0.0000, 0.0000, 0.1460, 0.0877, 0.0000,
         0.2356, 0.1003, 0.0264, 0.0000, 0.0000, 0.1305, 0.0820],
        [0.0000, 0.0000, 0.0006, 0.0885, 0.0690, 0.0000, 0.0000, 0.0000, 0.0000,
         0.0000, 0.0000, 0.0000, 0.0000, 0.0000, 0.0000, 0.2695, 0.0000, 0.0000,
         0.2022, 0.0000, 0.1477, 0.0000, 0.0000, 0.0000, 0.1427, 0.0903, 0.0000,
         0.2296, 0.0964, 0.0277, 0.0000, 0.0000, 0.2478, 0.0520],
        [0.0000, 0.0000, 0.0000, 0.0956, 0.0809, 0.0000, 0.0000, 0.0000, 0.0000,
         0.0000, 0.0000, 0.0000, 0.0000, 0.0000, 0.0000, 0.2760, 0.0000, 0.0000,
         0.2055, 0.0000, 0.1695, 0.0000, 0.0000, 0.0000, 0.1378, 0.0812, 0.0000,
         0.2378, 0.1359, 0.0136, 0.0000, 0.0000, 0.2480, 0.0910],
        [0.0000, 0.0000, 0.0000, 0.0922, 0.0661, 0.0000, 0.0000, 0.0000, 0.0000,
         0.0000, 0.0000, 0.0000, 0.0000, 0.0000, 0.0000, 0.2815, 0.0000, 0.0000,
         0.2008, 0.0000, 0.1481, 0.0000, 0.0000, 0.0000, 0.1291, 0.0876, 0.0000,
         0.2286, 0.1283, 0.0175, 0.0000, 0.0000, 0.2478, 0.0330],
        [0.0000, 0.0000, 0.0000, 0.0913, 0.0620, 0.0000, 0.0000, 0.0000, 0.0000,
         0.0000, 0.0000, 0.0000, 0.0000, 0.0000, 0.0000, 0.2830, 0.0000, 0.0000,
         0.1995, 0.0000, 0.1422, 0.0000, 0.0000, 0.0000, 0.1267, 0.0893, 0.0000,
         0.2260, 0.1263, 0.0186, 0.0000, 0.0000, 0.3737, 0.0170],
        [0.0000, 0.0000, 0.0006, 0.0904, 0.0742, 0.0000, 0.0000, 0.0000, 0.0000,
         0.0000, 0.0000, 0.0000, 0.0000, 0.0000, 0.0000, 0.2675, 0.0000, 0.0000,
         0.2031, 0.0000, 0.1555, 0.0000, 0.0000, 0.0000, 0.1447, 0.0887, 0.0000,
         0.2335, 0.0990, 0.0269, 0.0000, 0.0000, 0.3737, 0.0710],
        [0.0000, 0.0000, 0.0000, 0.0765, 0.0642, 0.0000, 0.0000, 0.0000, 0.0000,
         0.0000, 0.0000, 0.0000, 0.0008, 0.0000, 0.0000, 0.2602, 0.0000, 0.0000,
         0.2091, 0.0000, 0.1333, 0.0000, 0.0000, 0.0000, 0.1626, 0.0905, 0.0000,
         0.2197, 0.0597, 0.0357, 0.0000, 0.0000, 0.2480, 0.0540]],
       grad_fn=<CatBackward0>)
-> For each reaction: [[32]]

reaction_fraction: tensor([[0.5035],
        [0.5042],
        [0.5032],
        [0.5041],
        [0.5044],
        [0.5040],
        [0.5048]], grad_fn=<SigmoidBackward0>)
requested_flux: tensor([[0.0102],
        [0.0065],
        [0.0060],
        [0.0022],
        [0.0011],
        [0.0089],
        [0.0102]], grad_fn=<MulBackward0>)
requested_outgoing: tensor([[0.0167],
        [0.0093],
        [0.0089],
        [0.0102],
        [0.0000],
        [0.0000],
        [0.0000],
        [0.0000],
        [0.0000],
        [0.0000],
        [0.0000]], grad_fn=<IndexAddBackward0>)
source_scale: tensor([[1.],
        [1.],
        [1.],
        [1.],
        [0.],
        [0.],
        [0.],
        [0.],
        [0.],
        [0.],
        [0.]], grad_fn=<ClampBackward1>)
flux: tensor([[0.0102],
        [0.0065],
        [0.0060],
        [0.0022],
        [0.0011],
        [0.0089],
        [0.0102]], grad_fn=<MulBackward0>)
outgoing: tensor([[0.0167],
        [0.0093],
        [0.0089],
        [0.0102],
        [0.0000],
        [0.0000],
        [0.0000],
        [0.0000],
        [0.0000],
        [0.0000],
        [0.0000]], grad_fn=<IndexAddBackward0>)
incoming: tensor([[0.0162],
        [0.0102],
        [0.0087],
        [0.0100],
        [0.0000],
        [0.0000],
        [0.0000],
        [0.0000],
        [0.0000],
        [0.0000],
        [0.0000]], grad_fn=<IndexAddBackward0>)
x_next: tensor([[0.2475],
        [0.1315],
        [0.2476],
        [0.3735],
        [0.0000],
        [0.0000],
        [0.0000],
        [0.0000],
        [0.0000],
        [0.0000],
        [0.0000]], grad_fn=<IndexPutBackward0>)
x_next (after reset): tensor([[0.2475],
        [0.1315],
        [0.2476],
        [0.3735],
        [0.0000],
        [0.0000],
        [0.0000],
        [0.0000],
        [0.0000],
        [0.0000],
        [0.0000]], grad_fn=<IndexPutBackward0>)